Overall metrics: 

map: 0.4703247943640713
roc_auc: 0.8885797163895002
f1: 0.4585818422796554
accuracy: 0.9736876006441224
cm: [[59774  1084]
 [  550   692]]
precision: 0.38963963963963966
recall: 0.5571658615136876
----------------------------------
Predicates

metrics for confers#SPACE#resistance#SPACE#to#SPACE#antibiotic: 
map: 0.4703247943640713
roc_auc: 0.8885671412489007
f1: 0.4585818422796554
accuracy: 0.9736876006441224
cm: [[59774  1084]
 [  550   692]]
precision: 0.38963963963963966
recall: 0.5571658615136876
----------------------------------
