Overall metrics: 

map: 0.4769912254398773
roc_auc: 0.9299193859988057
f1: 0.42861454874735894
accuracy: 0.9674182444061962
cm: [[55497  1441]
 [  452   710]]
precision: 0.3300790330079033
recall: 0.6110154905335629
----------------------------------
Predicates

metrics for confers#SPACE#resistance#SPACE#to#SPACE#antibiotic: 
map: 0.4769912254398773
roc_auc: 0.9299078007911373
f1: 0.42861454874735894
accuracy: 0.9674182444061962
cm: [[55497  1441]
 [  452   710]]
precision: 0.3300790330079033
recall: 0.6110154905335629
----------------------------------
