Overall metrics: 

map: 0.4857155537474428
roc_auc: 0.9377347651719576
f1: 0.45582922824302136
accuracy: 0.9711324041811846
cm: [[55049  1203]
 [  454   694]]
precision: 0.3658408012651555
recall: 0.6045296167247387
----------------------------------
Predicates

metrics for confers#SPACE#resistance#SPACE#to#SPACE#antibiotic: 
map: 0.4857155537474428
roc_auc: 0.937722756307418
f1: 0.45582922824302136
accuracy: 0.9711324041811846
cm: [[55049  1203]
 [  454   694]]
precision: 0.3658408012651555
recall: 0.6045296167247387
----------------------------------
