Overall metrics: 

map: 0.5581677711793211
roc_auc: 0.9515527559247812
f1: 0.4868795447360101
accuracy: 0.9719689119170984
cm: [[55507  1235]
 [  388   770]]
precision: 0.38403990024937656
recall: 0.6649395509499136
----------------------------------
Predicates

metrics for confers#SPACE#resistance#SPACE#to#SPACE#antibiotic: 
map: 0.5581677711793211
roc_auc: 0.9515428331211497
f1: 0.4868795447360101
accuracy: 0.9719689119170984
cm: [[55507  1235]
 [  388   770]]
precision: 0.38403990024937656
recall: 0.6649395509499136
----------------------------------
