Overall metrics: 

map: 0.5362940892390227
roc_auc: 0.9469508122362658
f1: 0.38922155688622756
accuracy: 0.9541968911917098
cm: [[54403  2339]
 [  313   845]]
precision: 0.2653894472361809
recall: 0.729706390328152
----------------------------------
Predicates

metrics for confers#SPACE#resistance#SPACE#to#SPACE#antibiotic: 
map: 0.5362940892390227
roc_auc: 0.9469382261034387
f1: 0.38922155688622756
accuracy: 0.9541968911917098
cm: [[54403  2339]
 [  313   845]]
precision: 0.2653894472361809
recall: 0.729706390328152
----------------------------------
