Overall metrics: 

map: 0.4541276911153741
roc_auc: 0.8653291413728397
f1: 0.47071583514099785
accuracy: 0.9764251207729469
cm: [[59985   873]
 [  591   651]]
precision: 0.4271653543307087
recall: 0.5241545893719807
----------------------------------
Predicates

metrics for confers#SPACE#resistance#SPACE#to#SPACE#antibiotic: 
map: 0.4541276911153741
roc_auc: 0.8653155938252606
f1: 0.47071583514099785
accuracy: 0.9764251207729469
cm: [[59985   873]
 [  591   651]]
precision: 0.4271653543307087
recall: 0.5241545893719807
----------------------------------
