Overall metrics: 

map: 0.49670821442428564
roc_auc: 0.9365388443497265
f1: 0.4407569141193595
accuracy: 0.9669647463456578
cm: [[55472  1515]
 [  406   757]]
precision: 0.3331866197183099
recall: 0.6509028374892519
----------------------------------
Predicates

metrics for confers#SPACE#resistance#SPACE#to#SPACE#antibiotic: 
map: 0.49670821442428564
roc_auc: 0.9365271809815701
f1: 0.4407569141193595
accuracy: 0.9669647463456578
cm: [[55472  1515]
 [  406   757]]
precision: 0.3331866197183099
recall: 0.6509028374892519
----------------------------------
