Overall metrics: 

map: 0.48321943789103167
roc_auc: 0.932870356522242
f1: 0.47516198704103674
accuracy: 0.974621409921671
cm: [[55332   969]
 [  489   660]]
precision: 0.40515653775322286
recall: 0.5744125326370757
----------------------------------
Predicates

metrics for confers#SPACE#resistance#SPACE#to#SPACE#antibiotic: 
map: 0.48321943789103167
roc_auc: 0.932854650812371
f1: 0.47516198704103674
accuracy: 0.974621409921671
cm: [[55332   969]
 [  489   660]]
precision: 0.40515653775322286
recall: 0.5744125326370757
----------------------------------
