Overall metrics: 

map: 0.484640191043257
roc_auc: 0.9332405554895603
f1: 0.49714536671058407
accuracy: 0.9803095442820292
cm: [[56439   548]
 [  597   566]]
precision: 0.5080789946140036
recall: 0.4866723989681857
----------------------------------
Predicates

metrics for confers#SPACE#resistance#SPACE#to#SPACE#antibiotic: 
map: 0.484640191043257
roc_auc: 0.9332275794266696
f1: 0.49714536671058407
accuracy: 0.9803095442820292
cm: [[56439   548]
 [  597   566]]
precision: 0.5080789946140036
recall: 0.4866723989681857
----------------------------------
