Overall metrics: 

map: 0.42122462075020345
roc_auc: 0.8599655627690954
f1: 0.3888466413181242
accuracy: 0.9611755233494363
cm: [[58922  1936]
 [  475   767]]
precision: 0.2837587865334813
recall: 0.6175523349436393
----------------------------------
Predicates

metrics for confers#SPACE#resistance#SPACE#to#SPACE#antibiotic: 
map: 0.42122462075020345
roc_auc: 0.859954661226903
f1: 0.3888466413181242
accuracy: 0.9611755233494363
cm: [[58922  1936]
 [  475   767]]
precision: 0.2837587865334813
recall: 0.6175523349436393
----------------------------------
