Overall metrics: 

map: 0.4755808625054321
roc_auc: 0.9302912543756977
f1: 0.47117794486215536
accuracy: 0.9744905008635578
cm: [[55765   977]
 [  500   658]]
precision: 0.40244648318042814
recall: 0.5682210708117443
----------------------------------
Predicates

metrics for confers#SPACE#resistance#SPACE#to#SPACE#antibiotic: 
map: 0.4755808625054321
roc_auc: 0.93027774749192
f1: 0.47117794486215536
accuracy: 0.9744905008635578
cm: [[55765   977]
 [  500   658]]
precision: 0.40244648318042814
recall: 0.5682210708117443
----------------------------------
