Overall metrics: 

map: 0.10702882070216564
map_std: 0.007677810954968752
roc_auc: 0.7711394758332581
roc_auc_std: 0.0040787627433020645
cm: [[15481.2   355.6]
 [  274.4    48.8]]
cm_std: [[120.51622297 120.49995851]
 [ 11.01998185  11.08873302]]
precision: 0.126260176880273
precision_std: 0.017401494301086593
recall: 0.15098230325268508
recall_std: 0.034292655509616576
accuracy: 0.9610154034323282
accuracy_std: 0.0067952179550706945
known_true: 323.2
known_true_std: 0.4
known_neg: 15836.8
known_neg_std: 19.599999999999998
predicted_true: 404.4
predicted_true_std: 131.28990821841563
predicted_neg: 15755.6
predicted_neg_std: 131.01541893990952
specificity: 0.9775466911910963
specificity_std: 0.007611270284858632
npv: 0.9825883058654453
npv_std: 0.0005583256706784124
fdr: 0.873739823119727
fdr_std: 0.01740149430108659
f1: 0.13273250734943975
f1_std: 0.011411216813725988
----------------------------------
Predicates

metrics for confers#SPACE#resistance#SPACE#to#SPACE#antibiotic: 
map: 0.10702882070216564
map_std: 0.007677810954968752
roc_auc: 0.7711394758332581
roc_auc_std: 0.0040787627433020645
cm: [[15481.2   355.6]
 [  274.4    48.8]]
cm_std: [[120.51622297 120.49995851]
 [ 11.01998185  11.08873302]]
precision: 0.126260176880273
precision_std: 0.017401494301086593
recall: 0.15098230325268508
recall_std: 0.034292655509616576
accuracy: 0.9610154034323282
accuracy_std: 0.0067952179550706945
known_true: 323.2
known_true_std: 0.4
known_neg: 15836.8
known_neg_std: 19.599999999999998
predicted_true: 404.4
predicted_true_std: 131.28990821841563
predicted_neg: 15755.6
predicted_neg_std: 131.01541893990952
specificity: 0.9775466911910963
specificity_std: 0.007611270284858632
npv: 0.9825883058654453
npv_std: 0.0005583256706784124
fdr: 0.873739823119727
fdr_std: 0.01740149430108659
f1: 0.13273250734943975
f1_std: 0.011411216813725988
----------------------------------
