Overall metrics: 

map: 0.5294472721391139
roc_auc: 0.9437500078258028
f1: 0.4869913275517012
accuracy: 0.9732288946910357
cm: [[55182  1119]
 [  419   730]]
precision: 0.3948080043266631
recall: 0.6353350739773717
----------------------------------
Predicates

metrics for confers#SPACE#resistance#SPACE#to#SPACE#antibiotic: 
map: 0.5294472721391139
roc_auc: 0.9437384140439098
f1: 0.4869913275517012
accuracy: 0.9732288946910357
cm: [[55182  1119]
 [  419   730]]
precision: 0.3948080043266631
recall: 0.6353350739773717
----------------------------------
