Overall metrics: 

map: 0.22294294542547483
map_std: 0.011759083433223518
roc_auc: 0.8625356630235672
roc_auc_std: 0.008225924161370106
cm: [[15590.2   246.6]
 [  227.6    95.6]]
cm_std: [[116.60771844 107.40316569]
 [ 15.35708306  15.2787434 ]]
precision: 0.2958299149855037
precision_std: 0.049901054150809795
recall: 0.29580323357413146
recall_std: 0.04736685967410213
accuracy: 0.9706528685548292
accuracy_std: 0.005738244572333916
known_true: 323.2
known_true_std: 0.4
known_neg: 15836.8
known_neg_std: 19.599999999999998
predicted_true: 342.2
predicted_true_std: 122.29701549915272
predicted_neg: 15817.8
predicted_neg_std: 131.07463522741537
specificity: 0.9844253100850476
specificity_std: 0.006791086625126756
npv: 0.9856178607450344
npv_std: 0.0008674621722718749
fdr: 0.7041700850144963
fdr_std: 0.049901054150809816
f1: 0.2886622650045186
f1_std: 0.013144008729247897
----------------------------------
Predicates

metrics for confers#SPACE#resistance#SPACE#to#SPACE#antibiotic: 
map: 0.22294294542547483
map_std: 0.011759083433223518
roc_auc: 0.8625356630235672
roc_auc_std: 0.008225924161370106
cm: [[15590.2   246.6]
 [  227.6    95.6]]
cm_std: [[116.60771844 107.40316569]
 [ 15.35708306  15.2787434 ]]
precision: 0.2958299149855037
precision_std: 0.049901054150809795
recall: 0.29580323357413146
recall_std: 0.04736685967410213
accuracy: 0.9706528685548292
accuracy_std: 0.005738244572333916
known_true: 323.2
known_true_std: 0.4
known_neg: 15836.8
known_neg_std: 19.599999999999998
predicted_true: 342.2
predicted_true_std: 122.29701549915272
predicted_neg: 15817.8
predicted_neg_std: 131.07463522741537
specificity: 0.9844253100850476
specificity_std: 0.006791086625126756
npv: 0.9856178607450344
npv_std: 0.0008674621722718749
fdr: 0.7041700850144963
fdr_std: 0.049901054150809816
f1: 0.2886622650045186
f1_std: 0.013144008729247897
----------------------------------
