Overall metrics: 

map: 0.5204085633335331
roc_auc: 0.9470169809795043
f1: 0.4193548387096774
accuracy: 0.9617754569190601
cm: [[54461  1840]
 [  356   793]]
precision: 0.3011773642233194
recall: 0.6901653611836379
----------------------------------
Predicates

metrics for confers#SPACE#resistance#SPACE#to#SPACE#antibiotic: 
map: 0.5204085633335331
roc_auc: 0.9470064770131092
f1: 0.4193548387096774
accuracy: 0.9617754569190601
cm: [[54461  1840]
 [  356   793]]
precision: 0.3011773642233194
recall: 0.6901653611836379
----------------------------------
