Overall metrics: 

map: 0.2982133640689245
map_std: 0.025537663951422124
roc_auc: 0.8533108399735962
roc_auc_std: 0.022714519518191048
cm: [[15680.8   156. ]
 [  234.4    88.8]]
cm_std: [[41.7296058  26.2830744 ]
 [ 8.11418511  8.20731381]]
precision: 0.36589240030926945
precision_std: 0.03635571613373152
recall: 0.27474486870771697
recall_std: 0.025321019798684632
accuracy: 0.9758401177235028
accuracy_std: 0.0014478164385167069
known_true: 323.2
known_true_std: 0.4
known_neg: 15836.8
known_neg_std: 19.599999999999998
predicted_true: 244.8
predicted_true_std: 31.16023106461183
predicted_neg: 15915.2
predicted_neg_std: 44.3504227713784
specificity: 0.9901481840299473
specificity_std: 0.0016668190032484832
npv: 0.9852724036045665
npv_std: 0.0004944254830068853
fdr: 0.6341075996907305
fdr_std: 0.03635571613373152
f1: 0.3125173768174575
f1_std: 0.021921115400550046
----------------------------------
Predicates

metrics for confers#SPACE#resistance#SPACE#to#SPACE#antibiotic: 
map: 0.2982133640689245
map_std: 0.025537663951422124
roc_auc: 0.8533108399735962
roc_auc_std: 0.022714519518191048
cm: [[15680.8   156. ]
 [  234.4    88.8]]
cm_std: [[41.7296058  26.2830744 ]
 [ 8.11418511  8.20731381]]
precision: 0.36589240030926945
precision_std: 0.03635571613373152
recall: 0.27474486870771697
recall_std: 0.025321019798684632
accuracy: 0.9758401177235028
accuracy_std: 0.0014478164385167069
known_true: 323.2
known_true_std: 0.4
known_neg: 15836.8
known_neg_std: 19.599999999999998
predicted_true: 244.8
predicted_true_std: 31.16023106461183
predicted_neg: 15915.2
predicted_neg_std: 44.3504227713784
specificity: 0.9901481840299473
specificity_std: 0.0016668190032484832
npv: 0.9852724036045665
npv_std: 0.0004944254830068853
fdr: 0.6341075996907305
fdr_std: 0.03635571613373152
f1: 0.3125173768174575
f1_std: 0.021921115400550046
----------------------------------
