Overall metrics: 

map: 0.2904070823713527
map_std: 0.030774996783200788
roc_auc: 0.8210187250649772
roc_auc_std: 0.0778494101921198
cm: [[15674.    162.8]
 [  235.     88.2]]
cm_std: [[46.66047578 31.82703254]
 [ 8.41427359  8.42377588]]
precision: 0.3557718399916903
precision_std: 0.03717211177189057
recall: 0.27289492795168746
recall_std: 0.026065863213203002
accuracy: 0.9753821044987194
accuracy_std: 0.0016815973620443539
known_true: 323.2
known_true_std: 0.4
known_neg: 15836.8
known_neg_std: 19.599999999999998
predicted_true: 251.0
predicted_true_std: 37.841775856849004
predicted_neg: 15909.0
predicted_neg_std: 51.10772935672255
specificity: 0.9897185774894753
specificity_std: 0.00201694563644098
npv: 0.9852293341457543
npv_std: 0.0005023229203396497
fdr: 0.6442281600083098
fdr_std: 0.03717211177189056
f1: 0.3070330724780105
f1_std: 0.01943222522814601
----------------------------------
Predicates

metrics for confers#SPACE#resistance#SPACE#to#SPACE#antibiotic: 
map: 0.2904070823713527
map_std: 0.030774996783200788
roc_auc: 0.8210187250649772
roc_auc_std: 0.0778494101921198
cm: [[15674.    162.8]
 [  235.     88.2]]
cm_std: [[46.66047578 31.82703254]
 [ 8.41427359  8.42377588]]
precision: 0.3557718399916903
precision_std: 0.03717211177189057
recall: 0.27289492795168746
recall_std: 0.026065863213203002
accuracy: 0.9753821044987194
accuracy_std: 0.0016815973620443539
known_true: 323.2
known_true_std: 0.4
known_neg: 15836.8
known_neg_std: 19.599999999999998
predicted_true: 251.0
predicted_true_std: 37.841775856849004
predicted_neg: 15909.0
predicted_neg_std: 51.10772935672255
specificity: 0.9897185774894753
specificity_std: 0.00201694563644098
npv: 0.9852293341457543
npv_std: 0.0005023229203396497
fdr: 0.6442281600083098
fdr_std: 0.03717211177189056
f1: 0.3070330724780105
f1_std: 0.01943222522814601
----------------------------------
