Overall metrics: 

map: 0.48327422128831204
roc_auc: 0.9372569185462809
f1: 0.45867208672086723
accuracy: 0.9725193465176268
cm: [[55875  1112]
 [  486   677]]
precision: 0.37842370039128004
recall: 0.5821152192605331
----------------------------------
Predicates

metrics for confers#SPACE#resistance#SPACE#to#SPACE#antibiotic: 
map: 0.48327422128831204
roc_auc: 0.9372460548657211
f1: 0.45867208672086723
accuracy: 0.9725193465176268
cm: [[55875  1112]
 [  486   677]]
precision: 0.37842370039128004
recall: 0.5821152192605331
----------------------------------
