Overall metrics: 

map: 0.4885500231272956
roc_auc: 0.9360832672738905
f1: 0.4908256880733945
accuracy: 0.9808455565142364
cm: [[56305   486]
 [  624   535]]
precision: 0.5239960822722821
recall: 0.4616048317515099
----------------------------------
Predicates

metrics for confers#SPACE#resistance#SPACE#to#SPACE#antibiotic: 
map: 0.4885500231272956
roc_auc: 0.9360695102179678
f1: 0.4908256880733945
accuracy: 0.9808455565142364
cm: [[56305   486]
 [  624   535]]
precision: 0.5239960822722821
recall: 0.4616048317515099
----------------------------------
