Overall metrics: 

map: 0.44000158179405807
roc_auc: 0.8563715465726847
f1: 0.41001390820584144
accuracy: 0.9658454106280193
cm: [[59242  1616]
 [  505   737]]
precision: 0.31321716957076073
recall: 0.5933977455716586
----------------------------------
Predicates

metrics for confers#SPACE#resistance#SPACE#to#SPACE#antibiotic: 
map: 0.44000158179405807
roc_auc: 0.8563595006331627
f1: 0.41001390820584144
accuracy: 0.9658454106280193
cm: [[59242  1616]
 [  505   737]]
precision: 0.31321716957076073
recall: 0.5933977455716586
----------------------------------
