Overall metrics: 

map: 0.45467001584016714
roc_auc: 0.8550043092843725
f1: 0.43498679189903144
accuracy: 0.9690016103059581
cm: [[59434  1424]
 [  501   741]]
precision: 0.3422632794457275
recall: 0.5966183574879227
----------------------------------
Predicates

metrics for confers#SPACE#resistance#SPACE#to#SPACE#antibiotic: 
map: 0.45467001584016714
roc_auc: 0.8549944066092134
f1: 0.43498679189903144
accuracy: 0.9690016103059581
cm: [[59434  1424]
 [  501   741]]
precision: 0.3422632794457275
recall: 0.5966183574879227
----------------------------------
