Overall metrics: 

map: 0.47393675322893397
roc_auc: 0.9322726090959091
f1: 0.4054570259208731
accuracy: 0.9625279449699055
cm: [[55228  1759]
 [  420   743]]
precision: 0.29696243005595524
recall: 0.6388650042992261
----------------------------------
Predicates

metrics for confers#SPACE#resistance#SPACE#to#SPACE#antibiotic: 
map: 0.47393675322893397
roc_auc: 0.9322612399524345
f1: 0.4054570259208731
accuracy: 0.9625279449699055
cm: [[55228  1759]
 [  420   743]]
precision: 0.29696243005595524
recall: 0.6388650042992261
----------------------------------
