Overall metrics: 

map: 0.46727261983604
roc_auc: 0.9293152659777076
f1: 0.45273631840796025
accuracy: 0.9734024179620034
cm: [[55723  1019]
 [  521   637]]
precision: 0.38466183574879226
recall: 0.5500863557858376
----------------------------------
Predicates

metrics for confers#SPACE#resistance#SPACE#to#SPACE#antibiotic: 
map: 0.46727261983604
roc_auc: 0.9293039430238703
f1: 0.45273631840796025
accuracy: 0.9734024179620034
cm: [[55723  1019]
 [  521   637]]
precision: 0.38466183574879226
recall: 0.5500863557858376
----------------------------------
