Overall metrics: 

map: 0.5095892396596483
roc_auc: 0.9421499963618711
f1: 0.4823327615780446
accuracy: 0.973733681462141
cm: [[55238  1063]
 [  446   703]]
precision: 0.398074745186863
recall: 0.6118363794604004
----------------------------------
Predicates

metrics for confers#SPACE#resistance#SPACE#to#SPACE#antibiotic: 
map: 0.5095892396596483
roc_auc: 0.9421361997614185
f1: 0.4823327615780446
accuracy: 0.973733681462141
cm: [[55238  1063]
 [  446   703]]
precision: 0.398074745186863
recall: 0.6118363794604004
----------------------------------
